h 4400.0 500.0 500.0 7700.0
v 2250.0 4000.0
s 2250.0 4500.0
m 768.0 2183.0 957.0 1451.0 761.0 861.0 864.0 1535.0
a 577.0 914.0 794.0 2202.0 74.0 2366.0 708.0 353.0
m 1451.0 5059.0 905.0 4304.0 930.0 2750.0 372.0 4445.0
a 1302.0 2659.0 27.0 3974.0 462.0 4354.0 208.0 3459.0
m 635.0 7738.0 111.0 5272.0 566.0 7238.0 16.0 6569.0
a 1308.0 5308.0 673.0 5695.0 619.0 5871.0 904.0 6663.0
m 2270.0 1304.0 2175.0 1132.0 1743.0 2250.0 2737.0 1376.0
a 2603.0 363.0 2379.0 1110.0 1787.0 612.0 2408.0 1255.0
m 2542.0 3756.0 1612.0 4768.0 2317.0 4758.0 2021.0 5150.0
a 2760.0 2799.0 1670.0 4090.0 1624.0 3872.0 2319.0 4835.0
m 1569.0 5251.0 2340.0 5741.0 1522.0 6892.0 2236.0 6439.0
a 2789.0 6992.0 2563.0 6177.0 2550.0 7080.0 1661.0 5643.0
m 3121.0 1343.0 3804.0 2135.0 4462.0 526.0 3513.0 1974.0
a 4467.0 1751.0 4470.0 2228.0 3446.0 752.0 3026.0 2426.0
m 3985.0 4860.0 4146.0 5054.0 3632.0 4288.0 4487.0 3568.0
a 3473.0 4676.0 3303.0 4283.0 3749.0 3033.0 3223.0 4653.0
m 4138.0 6810.0 3563.0 6271.0 3951.0 7162.0 3978.0 6941.0
a 3211.0 6205.0 4314.0 6671.0 3684.0 6145.0 3988.0 7650.0
*

























