h 2250.0 6500.0 2250.0 1300.0
v 750.0 2600.0 750.0 5200.0 3750.0 2600.0 3750.0 5200.0
s 2250.0 3900.0
m 839.0 1134.0 89.0 2225.0 1302.0 108.0 733.0 1581.0
a 1292.0 2572.0 752.0 714.0 411.0 115.0 1433.0 771.0
m 844.0 4342.0 1314.0 2674.0 1462.0 3690.0 164.0 2913.0
a 1350.0 5168.0 507.0 2712.0 730.0 4893.0 587.0 2944.0
m 354.0 6052.0 1128.0 5821.0 727.0 5975.0 1317.0 5252.0
a 487.0 5238.0 869.0 6463.0 784.0 5248.0 528.0 7143.0
m 2248.0 504.0 2319.0 541.0 2979.0 1479.0 2578.0 343.0
a 2024.0 950.0 2956.0 1142.0 2323.0 1722.0 2970.0 210.0
m 1808.0 3270.0 2908.0 4240.0 2993.0 4036.0 2286.0 3211.0
a 1906.0 5017.0 2293.0 2751.0 1786.0 2907.0 1774.0 4216.0
m 2982.0 7695.0 1584.0 6745.0 1867.0 7386.0 2177.0 7356.0
a 1934.0 7230.0 2306.0 7656.0 1530.0 6858.0 2171.0 7624.0
m 3660.0 2430.0 4366.0 1850.0 4116.0 416.0 3789.0 935.0
a 4420.0 30.0 3489.0 648.0 4425.0 2218.0 3440.0 806.0
m 3437.0 4853.0 3200.0 4609.0 4493.0 3162.0 3722.0 4237.0
a 3378.0 5183.0 4131.0 4185.0 3301.0 3676.0 3482.0 4182.0
m 4491.0 5664.0 4355.0 7007.0 3005.0 5284.0 3094.0 7170.0
a 4357.0 5758.0 3639.0 5471.0 3735.0 7568.0 4032.0 5227.0
*