h 2250.0 1300.0 3750.0 1300.0 2250.0 3900.0 3750.0 3900.0 2250.0 6500.0 3750.0 6500.0
v 750.0 1300.0 750.0 3900.0 750.0 6500.0
s 2250.0 7500.0
m 144.0 70.0 1170.0 2395.0 129.0 1568.0 1478.0 1137.0
a 924.0 2243.0 881.0 619.0 1110.0 861.0 725.0 237.0
m 569.0 3999.0 100.0 4484.0 1349.0 2689.0 1462.0 5058.0
a 1355.0 4127.0 1114.0 4988.0 393.0 3415.0 833.0 2805.0
m 25.0 6457.0 498.0 5383.0 360.0 5314.0 962.0 7617.0
a 1342.0 6297.0 241.0 7327.0 1487.0 5554.0 324.0 7146.0
m 2159.0 905.0 2173.0 720.0 1740.0 1568.0 2348.0 38.0
a 2099.0 1000.0 1858.0 2471.0 1790.0 901.0 2548.0 1619.0
m 2450.0 2603.0 2508.0 4951.0 1576.0 2746.0 2052.0 3875.0
a 2743.0 5169.0 2077.0 3966.0 1999.0 3124.0 1991.0 3060.0
m 1621.0 5369.0 1648.0 6646.0 1642.0 6320.0 1850.0 5902.0
a 2717.0 6629.0 2408.0 5982.0 1589.0 5711.0 1693.0 6119.0
m 3818.0 580.0 3580.0 1951.0 3872.0 1764.0 4345.0 1854.0
a 4278.0 2197.0 3781.0 1098.0 3144.0 1406.0 3997.0 2413.0
m 4157.0 3919.0 3481.0 4235.0 3709.0 3872.0 3002.0 4273.0
a 3663.0 3021.0 4081.0 4134.0 3457.0 5196.0 3674.0 4963.0
m 4098.0 6884.0 4172.0 7249.0 3513.0 6974.0 3022.0 5465.0
a 3170.0 5435.0 3986.0 7195.0 3588.0 6706.0 3506.0 6445.0
*